249 40 1 249 40 13 255 255 255
11
TRIANG FILLED 1 4 648 1282 61 1283 646 57 2 251 251 154 0 3
CIRCLE FILLED 2 416 294 118.072 35 240 13 6 249 245 3
RECT FILLED 3 692 172 930 364 35 240 13 6 249 245 3
TRIANG NO_FILL 4 549 516 628 134 1048 477 246 11 78 3
CIRCLE NO_FILL 5 206 416 103.407 246 11 78 3
CIRCLE FILLED 6 1020 302 58.8982 246 11 78 221 169 21 3
RECT FILLED 7 185 138 620 333 62 55 197 6 246 85 3
TRIANG FILLED 8 96 643 1037 62 1272 637 62 55 197 43 92 221 3
TRIANG FILLED 9 53 460 687 131 1244 320 249 40 1 183 71 117 3
LINE   13 79 270 121 155 249 40 130 0
LINE   11 113 270 148 168 249 40 13 0
