253 26 7 252 252 4 255 255 255
15
TRIANG FILLED 1 4 648 1282 61 1283 646 57 2 251 251 154 0 3
CIRCLE FILLED 2 416 294 118.072 35 240 13 6 249 245 3
RECT FILLED 3 692 172 930 364 35 240 13 6 249 245 3
TRIANG NO_FILL 4 549 516 628 134 1048 477 246 11 78 3
CIRCLE NO_FILL 5 206 416 103.407 246 11 78 3
CIRCLE FILLED 6 1020 302 58.8982 246 11 78 221 169 21 3
RECT FILLED 7 185 138 620 333 62 55 197 6 246 85 3
TRIANG FILLED 7 96 643 1037 62 1272 637 62 55 197 43 92 221 3
TRIANG FILLED 8 53 460 687 131 1244 320 249 40 1 183 71 117 3
TRIANG FILLED 9 281 590 463 175 637 584 198 59 98 252 252 4 3
LINE   10 736 505 1157 170 198 59 98 252 252 4 3 1
LINE   11 960 543 756 96 198 59 98 252 252 4 9 1
RECT FILLED 12 81 33 -842150451 -842150451 0 0 0 0 0 0 -842150451
CIRCLE FILLED 13 717 327 85.44 253 26 7 252 252 4 9
TRIANG FILLED 14 1017 453 1002 198 1265 248 253 26 7 252 252 4 6
