10 29 255 251 251 3 255 255 255
17
TRIANG FILLED 1 4 648 1282 61 1283 646 57 2 251 251 154 0 3
CIRCLE FILLED 2 416 294 118.072 35 240 13 6 249 245 3
RECT FILLED 3 692 172 930 364 35 240 13 6 249 245 3
TRIANG NO_FILL 4 549 516 628 134 1048 477 246 11 78 3
CIRCLE NO_FILL 5 206 416 103.407 246 11 78 3
CIRCLE FILLED 6 1020 302 58.8982 246 11 78 221 169 21 3
RECT FILLED 7 185 138 620 333 62 55 197 6 246 85 3
TRIANG FILLED 7 96 643 1037 62 1272 637 62 55 197 43 92 221 3
TRIANG FILLED 8 53 460 687 131 1244 320 249 40 1 183 71 117 3
TRIANG FILLED 9 281 590 463 175 637 584 198 59 98 252 252 4 3
LINE   4 -858993460 -858993460 -858993460 -858993460 204 204 204 0 0 0 252 0
LINE   5 110 147 183 107 253 26 7 204 204 204 3 0
LINE   6 731 450 1018 132 253 26 7 204 204 204 3 0
LINE   7 1011 440 825 126 253 26 7 204 204 204 9 0
CIRCLE FILLED 8 192 247 122.642 253 26 7 251 251 3 9
TRIANG FILLED 9 686 357 810 87 892 353 10 29 255 251 251 3 6
TRIANG FILLED 10 745 489 1063 234 1121 494 10 29 255 251 251 3 6
