255 24 9 242 253 3 255 255 255
14
TRIANG FILLED 1 4 648 1282 61 1283 646 57 2 251 251 154 0 3
CIRCLE FILLED 2 416 294 118.072 35 240 13 6 249 245 3
RECT FILLED 3 692 172 930 364 35 240 13 6 249 245 3
TRIANG NO_FILL 4 549 516 628 134 1048 477 246 11 78 3
CIRCLE NO_FILL 5 206 416 103.407 246 11 78 3
CIRCLE FILLED 6 1020 302 58.8982 246 11 78 221 169 21 3
RECT FILLED 7 185 138 620 333 62 55 197 6 246 85 3
TRIANG FILLED 10 96 643 1037 62 1272 637 62 55 197 43 92 221 3
TRIANG FILLED 8 53 460 687 131 1244 320 249 40 1 183 71 117 3
TRIANG FILLED 9 281 590 463 175 637 584 198 59 98 252 252 4 3
CIRCLE NO_FILL 13 238 262 127.047 255 24 9 9
CIRCLE NO_FILL 14 240 252 119.067 255 24 9 9
CIRCLE FILLED 15 229 261 125.766 255 24 9 242 253 3 9
TRIANG FILLED 16 727 308 897 90 1053 308 255 24 9 242 253 3 6
