0 0 255 0 255 0 255 255 255
48
CIRCLE NO_FILL 1 285 310 57.8014 0 0 255 3
CIRCLE NO_FILL 2 397 386 65.5134 0 0 255 3
CIRCLE NO_FILL 3 370 284 55.9464 0 0 255 3
CIRCLE NO_FILL 4 258 393 41.3401 0 0 255 3
CIRCLE NO_FILL 5 444 283 62.1289 0 0 255 3
CIRCLE NO_FILL 6 311 430 39.1152 0 0 255 3
CIRCLE NO_FILL 7 659 241 57.8014 0 0 255 3
CIRCLE NO_FILL 8 771 317 65.5134 0 0 255 3
CIRCLE NO_FILL 9 744 215 55.9464 0 0 255 3
CIRCLE NO_FILL 10 632 324 41.3401 0 0 255 3
CIRCLE NO_FILL 11 818 214 62.1289 0 0 255 3
CIRCLE NO_FILL 12 685 361 39.1152 0 0 255 3
CIRCLE NO_FILL 13 938 226 57.8014 0 0 255 3
CIRCLE NO_FILL 14 1050 302 65.5134 0 0 255 3
CIRCLE NO_FILL 15 1023 200 55.9464 0 0 255 3
CIRCLE NO_FILL 16 911 309 41.3401 0 0 255 3
CIRCLE NO_FILL 17 1097 199 62.1289 0 0 255 3
CIRCLE NO_FILL 18 964 346 39.1152 0 0 255 3
CIRCLE NO_FILL 19 809 408 57.8014 0 0 255 3
CIRCLE NO_FILL 20 921 484 65.5134 0 0 255 3
CIRCLE NO_FILL 21 894 382 55.9464 0 0 255 3
CIRCLE NO_FILL 22 782 491 41.3401 0 0 255 3
CIRCLE NO_FILL 23 968 381 62.1289 0 0 255 3
CIRCLE NO_FILL 24 835 528 39.1152 0 0 255 3
CIRCLE NO_FILL 25 556 412 57.8014 0 0 255 3
CIRCLE NO_FILL 26 668 488 65.5134 0 0 255 3
CIRCLE NO_FILL 27 641 386 55.9464 0 0 255 3
CIRCLE NO_FILL 28 529 495 41.3401 0 0 255 3
CIRCLE NO_FILL 29 715 385 62.1289 0 0 255 3
CIRCLE NO_FILL 30 582 532 39.1152 0 0 255 3
CIRCLE NO_FILL 31 441 174 57.8014 0 0 255 3
CIRCLE NO_FILL 32 553 250 65.5134 0 0 255 3
CIRCLE NO_FILL 33 526 148 55.9464 0 0 255 3
CIRCLE NO_FILL 34 414 257 41.3401 0 0 255 3
CIRCLE NO_FILL 35 600 147 62.1289 0 0 255 3
CIRCLE NO_FILL 36 467 294 39.1152 0 0 255 3
CIRCLE NO_FILL 37 287 396 57.8014 0 0 255 3
CIRCLE NO_FILL 38 399 472 65.5134 0 0 255 3
CIRCLE NO_FILL 39 372 370 55.9464 0 0 255 3
CIRCLE NO_FILL 40 260 479 41.3401 0 0 255 3
CIRCLE NO_FILL 41 446 369 62.1289 0 0 255 3
CIRCLE NO_FILL 42 313 516 39.1152 0 0 255 3
CIRCLE NO_FILL 43 148 207 57.8014 0 0 255 3
CIRCLE NO_FILL 44 260 283 65.5134 0 0 255 3
CIRCLE NO_FILL 45 233 181 55.9464 0 0 255 3
CIRCLE NO_FILL 46 121 290 41.3401 0 0 255 3
CIRCLE NO_FILL 47 307 180 62.1289 0 0 255 3
CIRCLE NO_FILL 48 174 327 39.1152 0 0 255 3
